X	X.1	K0.1radni.4zima.DF
0	0	47,77191295
0	15	44,2614505
0	30	41,57718474
0	45	39,41486852
1	0	37,37442833
1	15	36,35659192
1	30	35,12633226
1	45	34,37101777
2	0	33,67131871
2	15	33,05742058
2	30	33,11830463
2	45	32,8156096
3	0	33,01734673
3	15	33,31297538
3	30	33,63056682
3	45	34,04870797
4	0	35,73700954
4	15	37,1773711
4	30	39,56337546
4	45	42,44108617
5	0	46,27432678
5	15	50,18032613
5	30	53,24276899
5	45	56,73722894
6	0	59,89823329
6	15	61,8111889
6	30	63,17085994
6	45	63,76714453
7	0	62,4764816
7	15	60,81880598
7	30	60,69272213
7	45	60,11626697
8	0	61,00456357
8	15	61,53884191
8	30	61,1694905
8	45	61,32760229
9	0	61,52729103
9	15	62,19861786
9	30	61,83890356
9	45	61,73164045
10	0	62,22403041
10	15	62,25058999
10	30	62,28467066
10	45	63,37563058
11	0	63,76057381
11	15	64,3694924
11	30	64,7042408
11	45	64,60552857
12	0	63,62761278
12	15	63,07113096
12	30	63,08447154
12	45	62,55722857
13	0	61,2244192
13	15	60,52772138
13	30	60,52162212
13	45	60,73451559
14	0	62,31724016
14	15	63,29716215
14	30	63,25947105
14	45	64,5219888
15	0	64,93194632
15	15	65,46679661
15	30	66,56614488
15	45	66,44751017
16	0	66,51357535
16	15	66,93783251
16	30	68,53810487
16	45	69,20929336
17	0	70,19430406
17	15	72,1662777
17	30	74,76521461
17	45	77,58723979
18	0	80,59188297
18	15	83,3077536
18	30	86,38917476
18	45	89,93844431
19	0	93,44419583
19	15	97,43980071
19	30	98,87277393
19	45	98,86861387
20	0	98,81118393
20	15	98,03988493
20	30	97,78984317
20	45	97,27987255
21	0	95,37313841
21	15	98,62560748
21	30	100
21	45	97,91220059
22	0	94,77899961
22	15	90,29547374
22	30	84,0405445
22	45	76,44178727
23	0	69,2575068
23	15	62,95554153
23	30	57,30794465
23	45	52,40829253
X	X.1	P1.1radni.4zima.DF
0	0	28,17625631
0	15	28,03897545
0	30	27,80109299
0	45	27,57358894
1	0	27,37813111
1	15	26,96788566
1	30	26,78111137
1	45	26,81185172
2	0	26,82243344
2	15	26,8605593
2	30	27,29338938
2	45	27,25710696
3	0	27,00622265
3	15	26,8981378
3	30	26,81170315
3	45	26,53246343
4	0	26,62601381
4	15	26,65681868
4	30	26,59061304
4	45	26,96682808
5	0	27,34829195
5	15	29,69438613
5	30	32,45478797
5	45	33,17797122
6	0	35,36662395
6	15	43,79920693
6	30	48,68346142
6	45	53,48232908
7	0	56,53265794
7	15	62,89624783
7	30	65,97441796
7	45	67,87623825
8	0	82,53672935
8	15	83,25813561
8	30	97,16916608
8	45	90,87062455
9	0	100
9	15	93,76299782
9	30	92,65342834
9	45	86,31191677
10	0	86,17646372
10	15	95,00842892
10	30	91,66884944
10	45	85,63067334
11	0	84,70826914
11	15	82,296806
11	30	80,70103455
11	45	78,91747422
12	0	77,74800943
12	15	77,03916126
12	30	75,55758754
12	45	74,71453548
13	0	74,67480271
13	15	74,27135631
13	30	74,30066375
13	45	74,24542103
14	0	72,84088684
14	15	71,77849428
14	30	71,85450751
14	45	71,50480053
15	0	70,71513992
15	15	70,37719541
15	30	68,36188309
15	45	67,6813141
16	0	67,86994357
16	15	66,58294017
16	30	65,10962187
16	45	65,01872034
17	0	64,51938358
17	15	64,50017306
17	30	64,43820754
17	45	64,59557861
18	0	64,95519483
18	15	64,08542163
18	30	63,25696465
18	45	62,80065265
19	0	61,8506828
19	15	60,24193295
19	30	58,95532248
19	45	56,68000052
20	0	54,1262677
20	15	45,71402711
20	30	42,57712482
20	45	41,00299183
21	0	39,70775452
21	15	37,69092327
21	30	35,73611814
21	45	34,98103726
22	0	34,700261
22	15	34,12684829
22	30	32,58708195
22	45	31,61838052
23	0	30,59836371
23	15	29,71992066
23	30	29,50735574
23	45	28,5731402
X	X.1	P2.1radni.4zima.DF
0	0	25,87678713
0	15	26,07608258
0	30	25,5970258
0	45	25,72686085
1	0	25,5796996
1	15	24,71430013
1	30	24,78940205
1	45	24,54575869
2	0	24,88336093
2	15	24,90437316
2	30	25,5907808
2	45	25,3480458
3	0	25,09069498
3	15	25,25596042
3	30	24,82864043
3	45	24,79630099
4	0	24,9880036
4	15	25,73139215
4	30	24,86441566
4	45	24,60872597
5	0	25,14691471
5	15	25,16269122
5	30	26,41464785
5	45	28,22784506
6	0	34,16174852
6	15	43,78108794
6	30	50,01560725
6	45	54,39364959
7	0	57,52107262
7	15	63,22503807
7	30	69,85163202
7	45	76,75062577
8	0	80,73015924
8	15	92,31719131
8	30	94,90003761
8	45	95,08709958
9	0	97,91391937
9	15	95,71863742
9	30	96,84924548
9	45	100
10	0	99,8942387
10	15	97,67816111
10	30	96,1631154
10	45	95,78222289
11	0	96,21220489
11	15	92,95295136
11	30	91,45125775
11	45	88,73465068
12	0	88,64359351
12	15	90,42288057
12	30	90,83308043
12	45	90,56374005
13	0	89,28019674
13	15	86,56617387
13	30	85,49696237
13	45	83,36119298
14	0	79,51893389
14	15	74,75290664
14	30	75,57929063
14	45	76,14457678
15	0	73,70930806
15	15	72,23867966
15	30	74,45718165
15	45	73,49591195
16	0	70,17237486
16	15	71,24342411
16	30	71,16885838
16	45	70,18067419
17	0	69,30405685
17	15	69,37264463
17	30	70,78017539
17	45	71,59973823
18	0	73,0482547
18	15	72,8099627
18	30	73,05256733
18	45	73,17774491
19	0	72,84818337
19	15	72,96843013
19	30	72,04242892
19	45	69,54478167
20	0	64,76830194
20	15	55,63935702
20	30	52,47472893
20	45	50,35128342
21	0	46,61291214
21	15	38,5594048
21	30	33,32376187
21	45	31,45647075
22	0	30,08252212
22	15	28,82303363
22	30	27,83714559
22	45	27,34537382
23	0	26,83506891
23	15	26,63745562
23	30	26,72528094
23	45	26,13924961
X	X.1	JR0.1radni.4zima.DF
0	0	99,45705341
0	15	99,48019906
0	30	99,57915708
0	45	99,48831095
1	0	99,44286559
1	15	99,57239885
1	30	99,37694868
1	45	99,47662181
2	0	99,52131841
2	15	99,60673684
2	30	99,47405246
2	45	99,39522442
3	0	99,41447312
3	15	99,31498634
3	30	99,1902397
3	45	99,22607017
4	0	99,25637367
4	15	98,92819326
4	30	95,22096074
4	45	87,16071475
5	0	80,98803307
5	15	71,35172761
5	30	60,31764512
5	45	47,48419771
6	0	27,95645886
6	15	14,61757541
6	30	7,820485381
6	45	5,030592907
7	0	2,000288653
7	15	1,414089572
7	30	1,615911811
7	45	1,462707925
8	0	1,003727247
8	15	0,876774277
8	30	1,009454873
8	45	0,751524955
9	0	0,600807975
9	15	0,594974766
9	30	0,661970233
9	45	0,626805657
10	0	0,54083028
10	15	0,554382912
10	30	0,571596076
10	45	0,612667054
11	0	0,586149023
11	15	0,565682521
11	30	0,533495756
11	45	0,537400267
12	0	0,583656648
12	15	0,637154588
12	30	0,673038902
12	45	0,726431679
13	0	0,800264877
13	15	0,75660898
13	30	0,763749582
13	45	0,796903431
14	0	0,73852338
14	15	0,806690789
14	30	0,875764707
14	45	1,006564979
15	0	0,976084387
15	15	0,94359391
15	30	0,847195987
15	45	0,907020985
16	0	0,90629746
16	15	0,876508003
16	30	0,830528412
16	45	1,045702211
17	0	3,179097583
17	15	8,748870544
17	30	14,10366321
17	45	20,87866848
18	0	28,35137392
18	15	34,84231573
18	30	42,26196197
18	45	53,60884154
19	0	63,57934738
19	15	77,2565023
19	30	83,88276935
19	45	91,43406854
20	0	93,93358689
20	15	94,16178456
20	30	94,20211855
20	45	94,60214961
21	0	95,19280636
21	15	97,73763546
21	30	99,44405562
21	45	100
22	0	99,29954707
22	15	99,87501653
22	30	99,59467501
22	45	98,86534039
23	0	98,79846902
23	15	98,77251088
23	30	98,67152615
23	45	99,09356204
X	X.1	K0.2subota.4zima
0	0	64,26361878
0	15	59,47371864
0	30	55,07887992
0	45	51,08164354
1	0	47,65946224
1	15	45,61447375
1	30	42,61586361
1	45	40,66762272
2	0	39,42170161
2	15	38,22426419
2	30	37,69338023
2	45	36,26305121
3	0	35,79285583
3	15	34,52238528
3	30	34,29921979
3	45	33,74001148
4	0	33,96954413
4	15	33,78654841
4	30	34,36643883
4	45	34,07103462
5	0	35,0708168
5	15	36,00977535
5	30	36,1513935
5	45	37,31801034
6	0	39,16181003
6	15	39,43819902
6	30	41,08342685
6	45	43,01602482
7	0	45,43422024
7	15	46,84848731
7	30	48,82248185
7	45	51,95297531
8	0	54,98525865
8	15	58,10479713
8	30	61,34951078
8	45	63,81826299
9	0	64,98999913
9	15	67,63237579
9	30	69,01463604
9	45	70,60880691
10	0	71,45025065
10	15	72,5115528
10	30	73,15644795
10	45	73,4813042
11	0	75,07274261
11	15	75,41305075
11	30	75,56146845
11	45	75,35098901
12	0	75,22569831
12	15	78,1144116
12	30	78,69523047
12	45	78,71516027
13	0	76,51403328
13	15	74,12991468
13	30	74,52919674
13	45	74,5069032
14	0	75,54668825
14	15	75,9806382
14	30	77,06688726
14	45	76,87907573
15	0	77,28380061
15	15	75,92964852
15	30	75,5819092
15	45	76,32044308
16	0	76,06072148
16	15	77,19379813
16	30	79,83774052
16	45	82,78282315
17	0	85,26853752
17	15	87,58794717
17	30	90,98821648
17	45	94,14251939
18	0	95,908579
18	15	97,04491035
18	30	98,68231569
18	45	99,20866422
19	0	98,08608037
19	15	98,3043294
19	30	99,17907096
19	45	97,55846396
20	0	98,65566851
20	15	99,09466895
20	30	97,55928919
20	45	95,7241331
21	0	93,68992036
21	15	95,66202771
21	30	98,36601215
21	45	100
22	0	99,39252111
22	15	99,42163269
22	30	96,99088524
22	45	92,91853236
23	0	88,09192513
23	15	84,24384078
23	30	78,73607398
23	45	74,38978417
X	X.1	P1.2subota.4zima
0	0	43,06221366
0	15	42,00589327
0	30	40,52707885
0	45	40,06695842
1	0	39,36824047
1	15	39,02825154
1	30	38,89005698
1	45	38,64315642
2	0	38,54081717
2	15	37,47714699
2	30	37,95899725
2	45	37,85844805
3	0	37,61462389
3	15	37,81126475
3	30	37,74763784
3	45	38,49920173
4	0	38,45496485
4	15	37,82186698
4	30	38,10925369
4	45	38,11218116
5	0	36,77156941
5	15	36,43821263
5	30	37,20925862
5	45	37,90237891
6	0	38,40406874
6	15	40,91838094
6	30	45,2106014
6	45	44,81713012
7	0	45,96625724
7	15	49,49515523
7	30	51,36966699
7	45	54,29792915
8	0	56,86801746
8	15	65,84023995
8	30	69,84563969
8	45	73,44785147
9	0	78,56844579
9	15	92,08780529
9	30	95,97589538
9	45	96,44700259
10	0	98,76958101
10	15	100
10	30	99,96438572
10	45	99,53507539
11	0	96,6177973
11	15	96,51964478
11	30	97,05515612
11	45	96,62140721
12	0	96,4920167
12	15	91,77621354
12	30	90,92313637
12	45	88,12551315
13	0	85,20699204
13	15	82,8472476
13	30	82,95842069
13	45	80,44740697
14	0	78,22893077
14	15	76,23804365
14	30	73,25298713
14	45	71,91007079
15	0	70,91888302
15	15	69,0285478
15	30	68,24424023
15	45	68,21546121
16	0	68,16808022
16	15	67,97479199
16	30	68,32564855
16	45	69,42645496
17	0	69,06166792
17	15	69,39816881
17	30	69,1549269
17	45	70,51895562
18	0	71,70849036
18	15	72,89068072
18	30	72,78130851
18	45	73,06877377
19	0	72,99509167
19	15	74,03534758
19	30	72,85995998
19	45	71,95327318
20	0	70,66233078
20	15	71,08284789
20	30	70,95290764
20	45	69,74067899
21	0	66,16029723
21	15	56,05405614
21	30	52,22962546
21	45	51,77179608
22	0	51,32580925
22	15	49,58969785
22	30	48,458669
22	45	48,06330204
23	0	46,97323326
23	15	46,0960675
23	30	45,67551518
23	45	44,11333719
X	X.1	P2.2subota.4zima
0	0	36,05937689
0	15	35,0088195
0	30	36,08638258
0	45	35,25170857
1	0	35,28659888
1	15	36,08549441
1	30	34,02564444
1	45	34,84765417
2	0	33,00811874
2	15	33,66111724
2	30	32,57627456
2	45	32,04757629
3	0	32,86397627
3	15	33,28541169
3	30	33,47578498
3	45	34,7903176
4	0	33,67318135
4	15	33,22857849
4	30	33,75203244
4	45	32,62668485
5	0	33,71588853
5	15	32,63081593
5	30	32,93191038
5	45	32,48351283
6	0	33,47660055
6	15	34,94578122
6	30	35,44094684
6	45	35,27148063
7	0	38,35329231
7	15	43,53554599
7	30	45,8702664
7	45	48,73098185
8	0	50,57473306
8	15	57,03335952
8	30	67,8582051
8	45	72,53345412
9	0	77,25717253
9	15	91,52478737
9	30	94,04776834
9	45	96,87360558
10	0	94,08114853
10	15	94,92805122
10	30	95,11866168
10	45	97,92596351
11	0	100
11	15	93,32366059
11	30	91,90838723
11	45	92,80781295
12	0	90,69961217
12	15	89,41508372
12	30	87,48650623
12	45	84,57597098
13	0	76,99752924
13	15	74,94342454
13	30	73,51013852
13	45	74,98140772
14	0	77,84115272
14	15	76,81598925
14	30	76,2510551
14	45	78,57390017
15	0	78,00891035
15	15	77,19339128
15	30	75,31202716
15	45	75,37807119
16	0	74,69322442
16	15	74,64399028
16	30	73,49624725
16	45	73,05935477
17	0	72,3791473
17	15	72,3192527
17	30	73,58128892
17	45	74,90396511
18	0	76,73642907
18	15	79,22219403
18	30	79,90120114
18	45	80,26443118
19	0	80,83744356
19	15	79,22590159
19	30	79,7883721
19	45	78,7518052
20	0	78,95636985
20	15	77,80600346
20	30	77,06513664
20	45	74,94129729
21	0	67,8861401
21	15	55,34787922
21	30	50,59521421
21	45	49,64059611
22	0	48,72973793
22	15	42,86244871
22	30	39,90234293
22	45	38,62732056
23	0	37,66800992
23	15	37,10432938
23	30	38,42921753
23	45	44,42402084
X	X.1	JRO.2subota.4zima
0	0	97,8761993
0	15	98,31765175
0	30	98,28525207
0	45	98,64847885
1	0	99,3007391
1	15	99,65432098
1	30	99,58327621
1	45	99,41751388
2	0	99,55813146
2	15	99,86481274
2	30	99,58936462
2	45	99,5330225
3	0	99,65416683
3	15	99,39349904
3	30	99,32112384
3	45	99,13529973
4	0	99,18738212
4	15	99,25697647
4	30	99,06683609
4	45	99,11707435
5	0	98,98869746
5	15	98,88864599
5	30	98,79746988
5	45	98,64471737
6	0	98,43983204
6	15	94,49562998
6	30	89,28161858
6	45	79,80259997
7	0	64,27873768
7	15	53,9246617
7	30	17,61964059
7	45	2,805222208
8	0	1,645399643
8	15	1,055349886
8	30	0,829505918
8	45	0,659333775
9	0	0,598201943
9	15	0,394328975
9	30	0,359736994
9	45	0,354737003
10	0	0,387020357
10	15	0,507729482
10	30	0,713246472
10	45	0,920969591
11	0	0,874823902
11	15	0,739987658
11	30	0,987954338
11	45	1,193151634
12	0	1,142471258
12	15	1,230251948
12	30	1,064236228
12	45	1,161573151
13	0	1,737898863
13	15	1,365041011
13	30	1,350319652
13	45	1,61562625
14	0	1,967263527
14	15	1,549392336
14	30	1,610803595
14	45	1,760462476
15	0	1,669763057
15	15	2,030037755
15	30	2,041425109
15	45	1,900783946
16	0	1,992546569
16	15	2,739903854
16	30	5,325105723
16	45	21,78783475
17	0	46,18116622
17	15	58,38196417
17	30	66,56160056
17	45	72,16068854
18	0	80,97197592
18	15	87,91793159
18	30	94,16407808
18	45	94,61124598
19	0	94,67462054
19	15	94,75454637
19	30	94,84772321
19	45	94,77948491
20	0	94,80790266
20	15	95,12748557
20	30	95,1822032
20	45	95,40050549
21	0	95,8207935
21	15	98,17681088
21	30	100
21	45	99,53176325
22	0	98,23596273
22	15	98,86339548
22	30	98,6187982
22	45	97,86539358
23	0	97,76921544
23	15	98,22979297
23	30	98,99027559
23	45	98,75800725
X	X.1	K0.3nedjelja.4zima
0	0	71,27291505
0	15	65,79886926
0	30	61,53287808
0	45	57,46210693
1	0	53,37245547
1	15	50,55538634
1	30	48,42717122
1	45	46,19116005
2	0	44,47561419
2	15	43,22725968
2	30	42,04159235
2	45	40,47760637
3	0	39,61173624
3	15	38,49481472
3	30	37,76602261
3	45	37,75799798
4	0	36,69430793
4	15	36,51171572
4	30	36,57252295
4	45	36,40166446
5	0	36,07003453
5	15	36,25040729
5	30	36,24607413
5	45	36,71149853
6	0	37,5468282
6	15	38,788542
6	30	39,53462267
6	45	41,62175264
7	0	42,57744244
7	15	44,85619894
7	30	47,98667853
7	45	51,52262068
8	0	54,68143372
8	15	58,45235468
8	30	63,18664848
8	45	67,93183893
9	0	71,74747535
9	15	74,37297289
9	30	77,40460731
9	45	79,75720834
10	0	82,71515736
10	15	85,03578686
10	30	88,82032253
10	45	89,99360409
11	0	91,50757582
11	15	92,27713846
11	30	93,17287729
11	45	94,14212893
12	0	94,08057428
12	15	93,66474948
12	30	92,14495546
12	45	91,01176388
13	0	86,87523348
13	15	83,38029874
13	30	81,11452045
13	45	78,43942695
14	0	77,36987936
14	15	76,25031441
14	30	75,55424747
14	45	73,64811483
15	0	73,21105498
15	15	72,95853104
15	30	72,2594822
15	45	70,87974135
16	0	70,73115093
16	15	71,31302835
16	30	73,43364491
16	45	75,40666259
17	0	77,59328719
17	15	81,42980051
17	30	84,54826337
17	45	87,63213616
18	0	88,91159194
18	15	90,69837466
18	30	91,54739679
18	45	93,28106156
19	0	93,47578764
19	15	94,95389111
19	30	97,13491267
19	45	96,26056387
20	0	96,07416823
20	15	96,88107427
20	30	95,94271658
20	45	94,59878231
21	0	92,4778926
21	15	96,03999177
21	30	99,71697293
21	45	100
22	0	98,82517644
22	15	99,27607181
22	30	96,0336553
22	45	90,88108193
23	0	85,26804034
23	15	78,73869558
23	30	72,42938697
23	45	67,61184009
X	X.1	P1.3nedjelja.4zima
0	0	64,15094142
0	15	63,2159231
0	30	63,64918851
0	45	61,25070706
1	0	62,19759364
1	15	60,46095828
1	30	61,2719976
1	45	61,13830467
2	0	60,14094299
2	15	60,31127898
2	30	59,22772852
2	45	59,69026405
3	0	58,30403794
3	15	58,83552371
3	30	58,37681076
3	45	58,38451424
4	0	58,0293958
4	15	57,99799857
4	30	58,03521327
4	45	58,82892462
5	0	56,40351403
5	15	56,32063453
5	30	56,73104615
5	45	57,04640669
6	0	57,56775855
6	15	59,87917239
6	30	65,08007615
6	45	64,4959065
7	0	62,53814118
7	15	61,8473205
7	30	61,75779135
7	45	61,92964003
8	0	60,16641386
8	15	62,68450732
8	30	63,44526986
8	45	64,99777995
9	0	64,01055606
9	15	63,48750873
9	30	64,32125796
9	45	68,02665195
10	0	71,85406114
10	15	81,71088916
10	30	86,00919456
10	45	88,23301581
11	0	87,47467592
11	15	87,14680549
11	30	88,36179733
11	45	88,21877934
12	0	89,25913819
12	15	89,12204267
12	30	88,72445592
12	45	84,57605148
13	0	84,89469407
13	15	84,98819357
13	30	84,37963798
13	45	83,32567263
14	0	83,1243905
14	15	83,39109972
14	30	84,75286602
14	45	82,80320471
15	0	83,12275336
15	15	83,80899317
15	30	83,4181494
15	45	83,43197367
16	0	84,90905498
16	15	85,54931111
16	30	87,23410643
16	45	89,70350191
17	0	92,07730967
17	15	93,50742735
17	30	96,86566303
17	45	97,76898858
18	0	97,66930607
18	15	100
18	30	98,30924333
18	45	97,98172677
19	0	97,2531042
19	15	97,53357159
19	30	97,02960213
19	45	96,00264368
20	0	95,57204979
20	15	96,80360353
20	30	93,93394201
20	45	93,36839915
21	0	89,00612491
21	15	79,62887652
21	30	75,87720721
21	45	74,97460884
22	0	74,30951958
22	15	72,64095174
22	30	71,60986739
22	45	69,98068802
23	0	67,78276151
23	15	66,13405706
23	30	64,66125331
23	45	63,84499538
X	X.1	P2.3nedjelja.4zima
0	0	68,63901538
0	15	69,20444262
0	30	68,6164529
0	45	67,33361603
1	0	66,18105075
1	15	67,11958683
1	30	67,50613312
1	45	69,20110691
2	0	69,46367112
2	15	70,81527014
2	30	69,63059828
2	45	67,38874471
3	0	68,02996037
3	15	67,94827448
3	30	63,96798832
3	45	60,28582694
4	0	59,57422015
4	15	57,38079343
4	30	56,59500693
4	45	51,77164937
5	0	50,31620416
5	15	48,95039037
5	30	49,07595412
5	45	49,17125996
6	0	50,29994471
6	15	49,70702748
6	30	50,41650511
6	45	49,7586988
7	0	47,93748194
7	15	46,8690832
7	30	47,60210339
7	45	49,09152074
8	0	48,81653636
8	15	49,90004885
8	30	48,64550969
8	45	51,61495576
9	0	52,87282385
9	15	57,08365551
9	30	59,78529217
9	45	65,46101175
10	0	67,44093649
10	15	79,83043199
10	30	81,08334891
10	45	80,02312214
11	0	82,97190847
11	15	85,53826829
11	30	80,88802939
11	45	80,53815895
12	0	81,51116398
12	15	79,0205892
12	30	77,72956684
12	45	79,45107419
13	0	78,52956811
13	15	74,65552769
13	30	74,76154699
13	45	76,87809366
14	0	77,48767927
14	15	77,38185937
14	30	76,30839793
14	45	77,70320565
15	0	76,58898576
15	15	76,12464692
15	30	76,10792447
15	45	77,71866074
16	0	77,36297395
16	15	78,71307579
16	30	79,06981366
16	45	78,94830547
17	0	80,96483171
17	15	82,85789294
17	30	82,8644562
17	45	84,43514713
18	0	85,41411384
18	15	87,36917795
18	30	91,94188115
18	45	95,46986674
19	0	96,44488604
19	15	97,74974126
19	30	100
19	45	96,58831118
20	0	95,78157767
20	15	95,0352079
20	30	93,85682217
20	45	92,96272159
21	0	85,16433143
21	15	73,43568392
21	30	68,97007812
21	45	69,57833554
22	0	69,76582781
22	15	59,99258575
22	30	54,05658997
22	45	53,68342368
23	0	51,61843341
23	15	50,81951362
23	30	52,99742441
23	45	53,53001507
X	X.1	JRO.3nedjelja.4zima
0	0	97,88287732
0	15	98,81692293
0	30	99,72533749
0	45	99,34304201
1	0	100
1	15	99,72428241
1	30	99,78292889
1	45	98,99507844
2	0	98,67583858
2	15	99,59176052
2	30	99,6062965
2	45	99,46774714
3	0	98,91724528
3	15	99,12338991
3	30	99,1647667
3	45	99,28291365
4	0	99,02706895
4	15	99,02210251
4	30	99,07307225
4	45	98,99157921
5	0	98,88953144
5	15	98,60411222
5	30	98,66131728
5	45	98,26786129
6	0	98,23630512
6	15	95,1359643
6	30	90,21073247
6	45	82,61768768
7	0	66,960539
7	15	58,44818727
7	30	33,67702962
7	45	8,218618753
8	0	1,317317244
8	15	1,110251992
8	30	0,910430734
8	45	0,956887806
9	0	0,866938214
9	15	0,720115953
9	30	0,742390549
9	45	0,772380754
10	0	0,730414934
10	15	0,826196451
10	30	0,946833954
10	45	1,287723291
11	0	1,271281016
11	15	1,260194291
11	30	1,63040905
11	45	1,586140288
12	0	1,601526288
12	15	1,65515675
12	30	2,030138036
12	45	2,368782739
13	0	2,431427437
13	15	2,799860848
13	30	3,089584101
13	45	2,859096352
14	0	2,68650859
14	15	1,901553679
14	30	1,511923366
14	45	1,442695094
15	0	1,188235886
15	15	0,965094069
15	30	0,908060362
15	45	0,996077879
16	0	1,155283113
16	15	1,818040106
16	30	4,332892663
16	45	21,75521255
17	0	53,76494123
17	15	67,93905764
17	30	75,84068394
17	45	78,1875927
18	0	86,75110734
18	15	89,03999751
18	30	94,43863819
18	45	94,49393061
19	0	94,61353484
19	15	94,73811186
19	30	94,6731428
19	45	94,57036004
20	0	94,61716577
20	15	94,55772678
20	30	94,27545814
20	45	94,48047074
21	0	95,17040094
21	15	97,2631329
21	30	98,71882815
21	45	99,1403391
22	0	99,1115666
22	15	99,77894812
22	30	99,46872845
22	45	98,19282648
23	0	97,74353625
23	15	98,0164293
23	30	98,40839112
23	45	98,60316859
X	X.1	K0.1radni.2ljeto.DF
0	0	50,3935536
0	15	47,39378288
0	30	44,43845117
0	45	42,11047554
1	0	40,51032593
1	15	39,13069187
1	30	38,11766903
1	45	37,25092294
2	0	37,07058929
2	15	36,75242263
2	30	36,27420467
2	45	36,08213144
3	0	35,95477959
3	15	35,91449804
3	30	36,20820483
3	45	36,94773335
4	0	38,26446288
4	15	39,60674846
4	30	41,16211939
4	45	43,47274695
5	0	45,38265534
5	15	47,51171391
5	30	50,11464827
5	45	52,94505077
6	0	54,42431563
6	15	55,00310925
6	30	56,93706006
6	45	57,42749276
7	0	57,27951463
7	15	57,04376984
7	30	57,58961915
7	45	58,63044447
8	0	59,15010032
8	15	60,19280203
8	30	60,65514058
8	45	61,69020488
9	0	62,63867466
9	15	63,75493219
9	30	64,16546168
9	45	64,60566701
10	0	65,31481058
10	15	65,57593035
10	30	66,8115499
10	45	67,35949495
11	0	68,10581018
11	15	69,09434155
11	30	69,21916928
11	45	68,75256207
12	0	68,30268679
12	15	67,95332155
12	30	68,43533785
12	45	68,64592338
13	0	68,04621971
13	15	67,78470741
13	30	67,76469059
13	45	68,3563698
14	0	68,50715279
14	15	69,31531709
14	30	69,93041771
14	45	70,16089792
15	0	70,32805859
15	15	70,55686536
15	30	70,99590403
15	45	70,93696737
16	0	70,46301807
16	15	69,43234942
16	30	69,8869655
16	45	69,90348354
17	0	70,52282304
17	15	70,59222444
17	30	70,93992839
17	45	71,73849261
18	0	73,44921902
18	15	74,76815306
18	30	75,72284627
18	45	77,10518675
19	0	79,09950885
19	15	81,59390261
19	30	84,57692074
19	45	86,79073027
20	0	90,45495581
20	15	93,12213636
20	30	95,32894589
20	45	95,78492064
21	0	95,66310498
21	15	98,25626244
21	30	100
21	45	98,84449451
22	0	96,42503955
22	15	92,39462024
22	30	86,76909227
22	45	79,91534093
23	0	72,96955913
23	15	66,78592822
23	30	60,80704709
23	45	55,75642144
X	X.1	P1.1radni.2ljeto.DF
0	0	37,86159195
0	15	37,01581848
0	30	36,34164227
0	45	35,25535958
1	0	34,96311024
1	15	34,20446938
1	30	33,74327121
1	45	33,60150786
2	0	33,89354626
2	15	34,42516029
2	30	34,15201637
2	45	33,46347106
3	0	33,02595643
3	15	32,4233699
3	30	32,37446767
3	45	31,99857789
4	0	31,8403263
4	15	31,33957157
4	30	31,13719313
4	45	30,93549436
5	0	30,8897347
5	15	33,13145814
5	30	37,03467195
5	45	37,72133446
6	0	37,64934634
6	15	42,49195842
6	30	45,60501777
6	45	49,87017998
7	0	54,14935193
7	15	60,97162553
7	30	65,69162851
7	45	70,23650298
8	0	80,82540086
8	15	92,34508375
8	30	91,32051576
8	45	91,97360412
9	0	93,33978071
9	15	96,88186839
9	30	95,75760336
9	45	94,79376765
10	0	98,77235434
10	15	96,7338492
10	30	95,17239766
10	45	93,95654494
11	0	96,18310826
11	15	100
11	30	92,24752147
11	45	92,19441808
12	0	89,67301558
12	15	89,20406352
12	30	88,93339031
12	45	89,2420068
13	0	90,46163684
13	15	90,90249522
13	30	90,18038358
13	45	90,04072764
14	0	89,90755412
14	15	90,09696775
14	30	88,586645
14	45	87,72850046
15	0	87,30624165
15	15	87,23738634
15	30	86,24640616
15	45	85,55897803
16	0	85,71391713
16	15	82,85675759
16	30	80,28456615
16	45	79,79592077
17	0	79,25162123
17	15	79,25118959
17	30	79,61049737
17	45	79,352996
18	0	78,37292595
18	15	78,11416482
18	30	77,62167179
18	45	77,33115292
19	0	76,66306459
19	15	74,99845508
19	30	74,64712385
19	45	73,02931501
20	0	70,26192089
20	15	61,02790861
20	30	57,56169771
20	45	56,63814316
21	0	55,06075221
21	15	53,69176312
21	30	52,43252379
21	45	50,80842981
22	0	50,03490617
22	15	48,87974668
22	30	47,41122071
22	45	45,32897543
23	0	43,69053969
23	15	42,14405881
23	30	41,03899296
23	45	40,09010644
X	X.1	P2.1radni.2ljeto.DF
0	0	34,03457449
0	15	33,18775793
0	30	33,15152937
0	45	32,67355534
1	0	32,03244891
1	15	31,58473209
1	30	30,91626628
1	45	30,73117723
2	0	30,6951168
2	15	31,06837786
2	30	30,95768411
2	45	30,52575991
3	0	29,96907973
3	15	29,89937687
3	30	30,0112324
3	45	29,59774173
4	0	29,72366704
4	15	28,708219
4	30	28,23597829
4	45	28,02957299
5	0	29,49350859
5	15	32,39107347
5	30	34,57783473
5	45	36,22410512
6	0	44,68709468
6	15	47,23988375
6	30	51,37741815
6	45	56,46958958
7	0	60,7332042
7	15	65,79853763
7	30	70,19363142
7	45	77,01999995
8	0	83,92173853
8	15	89,59326842
8	30	91,790497
8	45	94,87132042
9	0	97,76041472
9	15	98,63652507
9	30	100
9	45	99,33478338
10	0	99,65845451
10	15	97,86944798
10	30	98,37560502
10	45	97,50228672
11	0	99,05806506
11	15	97,92021103
11	30	96,88467274
11	45	93,84541449
12	0	92,86737378
12	15	93,3468534
12	30	93,21144496
12	45	93,54119511
13	0	92,65645738
13	15	88,82942353
13	30	86,89185687
13	45	87,75031198
14	0	86,88393411
14	15	84,76987177
14	30	82,4190298
14	45	80,53283447
15	0	79,81531899
15	15	77,54144333
15	30	77,34016496
15	45	75,61156707
16	0	76,46270204
16	15	76,81657937
16	30	75,67190959
16	45	75,378422
17	0	78,2938348
17	15	83,18855512
17	30	79,13043905
17	45	76,83145768
18	0	76,14426741
18	15	75,25465778
18	30	74,83037864
18	45	76,23747973
19	0	76,904916
19	15	74,87235563
19	30	74,37339783
19	45	74,84541752
20	0	71,69299839
20	15	65,42820651
20	30	61,4684637
20	45	60,3339231
21	0	58,01714859
21	15	51,61542946
21	30	47,69012625
21	45	48,75131243
22	0	43,52964723
22	15	41,40346085
22	30	39,41593777
22	45	38,20958045
23	0	37,44139826
23	15	36,32090855
23	30	36,90335563
23	45	35,50681255
X	X.1	JR0.1radni.2ljeto.DF
0	0	98,05418812
0	15	97,95017768
0	30	98,04583463
0	45	98,15707309
1	0	98,09543903
1	15	97,94847926
1	30	98,03984986
1	45	97,86686366
2	0	97,9429104
2	15	97,98488641
2	30	98,04421677
2	45	98,03668367
3	0	97,95402194
3	15	97,89422617
3	30	97,82304323
3	45	97,85066625
4	0	95,11375188
4	15	70,72248379
4	30	42,72626464
4	45	27,79592523
5	0	18,83233939
5	15	11,06718562
5	30	2,86472893
5	45	1,159533119
6	0	1,208633674
6	15	1,436287242
6	30	1,378498259
6	45	1,427991828
7	0	1,275681588
7	15	1,142282633
7	30	0,941947821
7	45	0,799933234
8	0	0,742621921
8	15	0,718719646
8	30	0,761271879
8	45	0,842437619
9	0	0,784861706
9	15	0,681550598
9	30	0,670626368
9	45	0,719532256
10	0	0,703576549
10	15	0,811669666
10	30	0,829224011
10	45	0,801185889
11	0	0,739014046
11	15	0,814511144
11	30	0,868277562
11	45	0,769129702
12	0	0,803755406
12	15	0,815512286
12	30	0,88682119
12	45	1,028734762
13	0	0,903649216
13	15	0,871622883
13	30	0,872833824
13	45	0,817190263
14	0	0,836849543
14	15	0,947534261
14	30	1,004605922
14	45	0,9311974
15	0	1,006995495
15	15	0,983718525
15	30	0,986971011
15	45	0,881335764
16	0	0,846167365
16	15	0,886178299
16	30	0,871895662
16	45	0,860682294
17	0	0,758989454
17	15	0,765042113
17	30	0,77090174
17	45	0,752612079
18	0	0,768010369
18	15	1,040345642
18	30	1,865906159
18	45	4,516608591
19	0	10,63353474
19	15	17,30966435
19	30	25,844385
19	45	35,55568763
20	0	52,94363249
20	15	80,83142522
20	30	93,55343545
20	45	93,93290318
21	0	94,48838468
21	15	97,38456657
21	30	99,69711393
21	45	100
22	0	98,76831061
22	15	99,08386472
22	30	98,75007493
22	45	97,64957527
23	0	97,7443967
23	15	98,09541981
23	30	97,87396817
23	45	98,02171438
X	X.1	K0.2subota.2ljeto
0	0	55,64095377
0	15	51,53671637
0	30	48,1495531
0	45	46,05557343
1	0	44,14623385
1	15	43,33541363
1	30	41,46219711
1	45	40,8480213
2	0	40,07996208
2	15	39,83464364
2	30	39,96068
2	45	38,68086859
3	0	38,1514092
3	15	37,98563779
3	30	39,48306693
3	45	39,47024264
4	0	39,82435869
4	15	40,88607326
4	30	41,97516768
4	45	42,58489713
5	0	43,58254401
5	15	43,62335922
5	30	46,32357644
5	45	47,20374504
6	0	49,68425426
6	15	51,92472449
6	30	54,3512846
6	45	56,18740299
7	0	59,54069921
7	15	60,72488505
7	30	60,42896493
7	45	63,38120858
8	0	66,15017188
8	15	67,454947
8	30	67,48529587
8	45	68,16925226
9	0	69,71225881
9	15	71,6655834
9	30	70,82057216
9	45	72,72265899
10	0	72,75229484
10	15	73,79934879
10	30	74,37128397
10	45	75,75855639
11	0	76,49642936
11	15	77,73164969
11	30	79,23592755
11	45	79,74666963
12	0	79,30268031
12	15	77,05502425
12	30	78,07508863
12	45	79,41010255
13	0	79,27483825
13	15	78,13862405
13	30	78,31022031
13	45	76,77956458
14	0	76,25360022
14	15	76,00517327
14	30	75,08188341
14	45	75,89909326
15	0	75,02147025
15	15	75,27314768
15	30	74,90611226
15	45	74,93119044
16	0	73,23344985
16	15	73,55511426
16	30	73,33288818
16	45	74,75846399
17	0	74,3679478
17	15	74,33588456
17	30	74,68578568
17	45	75,71353501
18	0	75,7541826
18	15	77,68565698
18	30	80,60407986
18	45	81,03454938
19	0	83,37522349
19	15	86,08706851
19	30	88,23811705
19	45	89,94989906
20	0	92,83353235
20	15	95,17928514
20	30	97,92131016
20	45	95,87694521
21	0	97,31183902
21	15	99,28738222
21	30	100
21	45	98,06947318
22	0	96,78077283
22	15	92,40078868
22	30	85,92266497
22	45	78,82616178
23	0	71,97745133
23	15	66,7210219
23	30	62,45190623
23	45	58,66689271
X	X.1	P1.2subota.2ljeto
0	0	48,30849793
0	15	47,75560659
0	30	46,03683731
0	45	45,15274711
1	0	44,98261932
1	15	43,15096827
1	30	43,2418401
1	45	42,73996031
2	0	43,42144005
2	15	43,89778212
2	30	43,83337483
2	45	42,4989228
3	0	41,7066337
3	15	41,18895385
3	30	41,27785405
3	45	40,30936495
4	0	40,2236459
4	15	40,1866275
4	30	39,78738538
4	45	39,71906188
5	0	41,31096853
5	15	42,07088559
5	30	46,23007148
5	45	46,20881626
6	0	45,45337102
6	15	48,59962262
6	30	50,92428361
6	45	54,72125808
7	0	59,58505714
7	15	66,30780766
7	30	69,93953916
7	45	74,53883049
8	0	78,05713691
8	15	88,43411562
8	30	92,65264699
8	45	94,06830693
9	0	95,34984463
9	15	98,66446136
9	30	99,38573994
9	45	98,90264714
10	0	99,95260721
10	15	99,37268345
10	30	99,99465055
10	45	100
11	0	98,82841614
11	15	96,66828765
11	30	95,06305407
11	45	94,07615656
12	0	88,37714495
12	15	85,17277461
12	30	83,44459954
12	45	82,10954274
13	0	80,81736514
13	15	80,5101208
13	30	79,27769185
13	45	79,41161496
14	0	76,57711638
14	15	77,01597541
14	30	76,62611696
14	45	76,47852275
15	0	76,52372021
15	15	75,25936172
15	30	75,118946
15	45	74,65746489
16	0	76,52391196
16	15	76,07559551
16	30	73,36839715
16	45	74,1873155
17	0	73,31068159
17	15	74,00596026
17	30	75,08032719
17	45	77,16163241
18	0	75,85286561
18	15	76,67905587
18	30	79,29296089
18	45	79,85750006
19	0	80,71317131
19	15	81,28697614
19	30	84,03838123
19	45	84,38736653
20	0	82,17165144
20	15	71,9833638
20	30	67,71938914
20	45	65,50808194
21	0	64,20656001
21	15	63,29693453
21	30	62,28710519
21	45	62,8853341
22	0	61,89754665
22	15	60,86046608
22	30	58,13435043
22	45	55,9024149
23	0	53,77262783
23	15	50,96770365
23	30	50,40986358
23	45	48,91582533
X	X.1	P2.2subota.2ljeto
0	0	44,23144501
0	15	42,24752588
0	30	43,10531835
0	45	41,268437
1	0	39,88726884
1	15	42,66404045
1	30	46,9285451
1	45	45,81730042
2	0	41,59813528
2	15	38,99944203
2	30	39,42466009
2	45	37,98767626
3	0	38,07435853
3	15	36,28172111
3	30	36,81655099
3	45	35,78824576
4	0	35,17337995
4	15	36,019643
4	30	34,45129332
4	45	35,95891603
5	0	35,21676576
5	15	39,71423343
5	30	39,66679211
5	45	40,3836148
6	0	41,92266131
6	15	46,03842604
6	30	47,20634451
6	45	46,72691653
7	0	49,00289874
7	15	54,88037082
7	30	61,74735152
7	45	67,14765495
8	0	73,64135172
8	15	86,68776304
8	30	91,02242461
8	45	94,69588874
9	0	95,926415
9	15	100
9	30	98,88976391
9	45	96,68739463
10	0	93,16636623
10	15	95,4563488
10	30	93,59596425
10	45	92,40634582
11	0	95,36258994
11	15	94,49099225
11	30	95,6729628
11	45	92,45274564
12	0	87,87531021
12	15	85,60340703
12	30	87,92559863
12	45	86,51659199
13	0	87,8039049
13	15	85,58502672
13	30	84,25654267
13	45	80,64248188
14	0	83,03279207
14	15	83,06656924
14	30	82,66762153
14	45	82,88190801
15	0	80,48000257
15	15	80,31861884
15	30	77,63212893
15	45	78,0297248
16	0	76,80692636
16	15	79,14907346
16	30	76,73938613
16	45	76,07289888
17	0	77,14736883
17	15	78,85768042
17	30	77,86057329
17	45	78,75480429
18	0	78,55140305
18	15	78,35434017
18	30	80,53324623
18	45	82,13316311
19	0	83,38634855
19	15	88,01442739
19	30	91,0876773
19	45	89,76119397
20	0	88,31221992
20	15	80,69033699
20	30	76,43817521
20	45	73,92261889
21	0	71,27611051
21	15	64,27357679
21	30	60,69919894
21	45	56,75994443
22	0	55,17148408
22	15	52,66505679
22	30	51,45779393
22	45	49,90112884
23	0	50,95782504
23	15	49,24471808
23	30	48,38931189
23	45	46,16001868
X	X.1	JRO.2subota.2ljeto
0	0	96,67013006
0	15	96,8376882
0	30	96,23928224
0	45	95,49475918
1	0	96,02196662
1	15	96,22230595
1	30	96,23163712
1	45	96,2979975
2	0	96,24113943
2	15	96,36047599
2	30	96,51876916
2	45	96,356429
3	0	96,20654667
3	15	96,05479625
3	30	95,04593685
3	45	96,25950185
4	0	93,8605591
4	15	74,50182142
4	30	46,65441074
4	45	29,6411379
5	0	25,16798359
5	15	10,66141824
5	30	3,563016689
5	45	1,352566151
6	0	1,009678401
6	15	1,323697138
6	30	1,509462699
6	45	0,951225511
7	0	0,687144275
7	15	0,624999203
7	30	0,587211957
7	45	0,763418694
8	0	0,779525925
8	15	0,606877358
8	30	0,645595823
8	45	0,666780964
9	0	0,610313222
9	15	0,64037946
9	30	0,681034232
9	45	0,849605535
10	0	0,80876347
10	15	0,945978875
10	30	0,979679573
10	45	1,074781821
11	0	1,04215483
11	15	1,201984699
11	30	1,532674564
11	45	1,583179999
12	0	1,499905893
12	15	1,628268861
12	30	2,063319886
12	45	2,031460233
13	0	1,361559462
13	15	1,346006039
13	30	1,576324416
13	45	1,331247805
14	0	1,354579151
14	15	1,064470997
14	30	0,841306501
14	45	0,991729722
15	0	0,985511501
15	15	0,922117134
15	30	0,90994145
15	45	0,962767062
16	0	1,064440724
16	15	0,83231763
16	30	0,908874201
16	45	1,165483481
17	0	1,150741394
17	15	0,951730073
17	30	1,037448681
17	45	1,009487475
18	0	1,035370693
18	15	1,528527873
18	30	2,725063304
18	45	6,5432212
19	0	11,49141125
19	15	17,72160508
19	30	25,13943104
19	45	35,21789784
20	0	53,63403155
20	15	81,61098507
20	30	93,2569848
20	45	93,68104122
21	0	94,66877804
21	15	97,58432396
21	30	100
21	45	99,71762295
22	0	98,05269141
22	15	97,98428169
22	30	97,72109252
22	45	96,65838426
23	0	97,00008125
23	15	97,1962864
23	30	97,53701906
23	45	97,89492822
X	X.1	K0.3nedjelja.2ljeto
0	0	56,62599385
0	15	52,86892914
0	30	49,4426839
0	45	46,97371651
1	0	45,73871498
1	15	44,34254706
1	30	43,414176
1	45	41,39999012
2	0	40,97302826
2	15	40,74269196
2	30	39,86230589
2	45	39,3319481
3	0	39,96258194
3	15	39,88782776
3	30	39,28972234
3	45	38,9776517
4	0	38,81608069
4	15	38,96207355
4	30	39,0067431
4	45	39,9475808
5	0	41,00682585
5	15	41,57036112
5	30	43,37922374
5	45	46,13867351
6	0	47,88930379
6	15	50,39148533
6	30	52,91336132
6	45	54,89738153
7	0	56,78369815
7	15	61,02692776
7	30	63,69942239
7	45	67,28868471
8	0	70,96091388
8	15	74,54280878
8	30	77,90661853
8	45	80,4477863
9	0	82,07249901
9	15	82,93951206
9	30	84,16287099
9	45	87,26102292
10	0	90,55069154
10	15	93,46288725
10	30	95,60424187
10	45	94,56374567
11	0	96,37233425
11	15	96,60558845
11	30	95,58517524
11	45	94,21698393
12	0	91,97074099
12	15	88,13374889
12	30	85,4621349
12	45	82,94172171
13	0	81,54659975
13	15	79,73293702
13	30	77,31975109
13	45	76,49969379
14	0	75,00262906
14	15	75,46277226
14	30	74,15338193
14	45	73,18480564
15	0	71,89668065
15	15	70,55760132
15	30	70,88510216
15	45	70,32998735
16	0	68,6311007
16	15	68,04223075
16	30	68,41354109
16	45	68,21131262
17	0	69,4791076
17	15	70,39656745
17	30	72,06975789
17	45	73,51624717
18	0	75,35300213
18	15	76,51037792
18	30	77,64868901
18	45	80,55269199
19	0	82,60972117
19	15	83,97692377
19	30	86,47873092
19	45	88,48901728
20	0	91,25511592
20	15	93,18201666
20	30	95,66189011
20	45	95,32784139
21	0	94,09689506
21	15	97,89251695
21	30	99,35130497
21	45	100
22	0	99,51036979
22	15	94,38128499
22	30	89,45204791
22	45	81,89599762
23	0	74,32018983
23	15	68,04585753
23	30	61,73875301
23	45	56,99254654
X	X.1	P1.3nedjelja.2ljeto
0	0	60,06360028
0	15	58,10417906
0	30	57,15827573
0	45	56,76606356
1	0	55,23278116
1	15	54,55635918
1	30	54,34335731
1	45	53,94209573
2	0	53,74458559
2	15	52,85789761
2	30	52,61601993
2	45	52,73833299
3	0	51,41180487
3	15	51,83962415
3	30	51,45612844
3	45	50,97847931
4	0	50,65429318
4	15	49,55500538
4	30	49,45864066
4	45	48,83645859
5	0	48,07510537
5	15	49,82393391
5	30	54,75886675
5	45	54,23990949
6	0	52,54338595
6	15	52,96270237
6	30	55,1180098
6	45	57,08219287
7	0	58,2389056
7	15	60,39926072
7	30	63,41724583
7	45	65,75880896
8	0	66,19340665
8	15	67,16216437
8	30	69,88226034
8	45	71,68903838
9	0	74,55760304
9	15	81,28843642
9	30	83,22788047
9	45	84,67167708
10	0	86,67549096
10	15	86,38081513
10	30	87,02783046
10	45	86,61373449
11	0	87,06425425
11	15	88,90977732
11	30	89,24224644
11	45	88,51043807
12	0	88,65515634
12	15	89,82801101
12	30	89,30920137
12	45	88,34316068
13	0	90,05420535
13	15	90,19234623
13	30	88,82648571
13	45	87,51913065
14	0	88,36325721
14	15	89,37422769
14	30	89,58757194
14	45	89,88045108
15	0	92,53749018
15	15	92,07294557
15	30	91,37758298
15	45	90,90321626
16	0	90,62772605
16	15	88,90120535
16	30	90,47808259
16	45	90,86524707
17	0	88,88816679
17	15	89,02434451
17	30	90,76468903
17	45	91,14745916
18	0	90,79870676
18	15	91,34203869
18	30	94,03364206
18	45	94,25722304
19	0	96,31783993
19	15	97,37492438
19	30	99,89749136
19	45	100
20	0	99,51588656
20	15	89,3918365
20	30	86,0930999
20	45	84,45935996
21	0	83,69836797
21	15	81,38227573
21	30	80,535451
21	45	79,08240709
22	0	78,48038437
22	15	77,22535317
22	30	74,59295572
22	45	71,47222011
23	0	68,16676477
23	15	67,75987127
23	30	65,7580928
23	45	62,86995616
X	X.1	P2.3nedjelja.2ljeto
0	0	52,93504509
0	15	51,54484848
0	30	52,86193398
0	45	50,19030375
1	0	50,11654636
1	15	48,50788093
1	30	47,85213315
1	45	48,59464232
2	0	48,93877541
2	15	48,02899085
2	30	47,04930423
2	45	46,10555485
3	0	46,63560759
3	15	45,15370315
3	30	44,50714881
3	45	43,91598176
4	0	44,56763642
4	15	46,1832375
4	30	44,77909405
4	45	42,36512089
5	0	42,14543784
5	15	40,54572804
5	30	41,36440069
5	45	41,80673241
6	0	43,10543102
6	15	43,63700015
6	30	43,59457769
6	45	47,6950724
7	0	49,62337091
7	15	49,79914029
7	30	53,43580248
7	45	58,07442147
8	0	64,30116193
8	15	66,86829576
8	30	66,9438661
8	45	67,82662987
9	0	70,54866737
9	15	80,16918513
9	30	78,06881308
9	45	77,12773836
10	0	78,82066957
10	15	81,46766271
10	30	82,07408316
10	45	81,91787014
11	0	80,56144811
11	15	79,61704126
11	30	80,74591013
11	45	79,71239177
12	0	80,50914955
12	15	81,33065632
12	30	82,10459835
12	45	80,94312156
13	0	82,10215311
13	15	82,71973663
13	30	79,56150569
13	45	82,20171426
14	0	81,85144008
14	15	83,56717026
14	30	83,03030776
14	45	82,71450761
15	0	82,11770307
15	15	82,90483934
15	30	83,06059073
15	45	81,54234337
16	0	81,7771679
16	15	82,57425861
16	30	83,81878416
16	45	83,19697602
17	0	82,00648364
17	15	82,88289929
17	30	82,61815549
17	45	84,7270859
18	0	86,22709745
18	15	85,07904152
18	30	85,59802073
18	45	87,76825569
19	0	89,03580402
19	15	92,29862369
19	30	96,37120233
19	45	100
20	0	98,45423665
20	15	90,58217728
20	30	85,37920499
20	45	84,797458
21	0	81,52896727
21	15	74,30256976
21	30	69,27447156
21	45	66,27842967
22	0	62,56540258
22	15	59,67326396
22	30	57,55119526
22	45	55,02607542
23	0	55,46384399
23	15	55,93378963
23	30	52,05124056
23	45	51,94361346
X	X.1	JRO.3nedjelja.2ljeto
0	0	97,93654453
0	15	97,73330052
0	30	97,81814399
0	45	97,60841077
1	0	97,78518863
1	15	97,80041304
1	30	97,64823743
1	45	97,35973623
2	0	97,02600955
2	15	96,88609961
2	30	97,04478266
2	45	97,13127933
3	0	97,1340537
3	15	97,30736229
3	30	97,16307178
3	45	97,02175662
4	0	93,71030075
4	15	67,86216738
4	30	41,83684042
4	45	26,16811703
5	0	15,86967684
5	15	8,971330642
5	30	3,872179535
5	45	1,015464402
6	0	1,011278733
6	15	0,831314815
6	30	1,012397478
6	45	1,143593691
7	0	1,11626893
7	15	0,832408032
7	30	0,645919252
7	45	0,633515003
8	0	0,937777087
8	15	0,780728998
8	30	0,82395606
8	45	0,87176872
9	0	1,192662862
9	15	1,119136498
9	30	1,281213063
9	45	1,412375644
10	0	1,313104782
10	15	1,41590125
10	30	1,3677774
10	45	1,431378096
11	0	1,474262768
11	15	1,783971895
11	30	1,817345414
11	45	1,927229561
12	0	1,92535229
12	15	2,253385571
12	30	2,173521951
12	45	1,819048855
13	0	1,538179111
13	15	1,425343925
13	30	1,05912705
13	45	1,026014477
14	0	0,885302248
14	15	0,853350965
14	30	0,881259613
14	45	0,868353327
15	0	0,839815411
15	15	1,055415865
15	30	0,963163798
15	45	0,874507841
16	0	1,192379225
16	15	1,277934221
16	30	1,109227443
16	45	1,34233072
17	0	1,326146808
17	15	1,297527042
17	30	1,158795814
17	45	1,307492419
18	0	1,437299622
18	15	1,726945495
18	30	3,434800612
18	45	8,104073369
19	0	12,72473766
19	15	18,19250278
19	30	24,20757392
19	45	34,62444627
20	0	51,42243685
20	15	77,31280901
20	30	93,08800277
20	45	93,66671954
21	0	94,63933331
21	15	97,55131994
21	30	100
21	45	98,94743306
22	0	98,63504843
22	15	99,56290796
22	30	98,58220932
22	45	97,83464679
23	0	97,85488509
23	15	97,79778656
23	30	97,85063904
23	45	97,73846514
X	X.1	K0.1radni.13prijelazno.DF
0	0	50,3935536
0	15	47,39378288
0	30	44,43845117
0	45	42,11047554
1	0	40,51032593
1	15	39,13069187
1	30	38,11766903
1	45	37,25092294
2	0	37,07058929
2	15	36,75242263
2	30	36,27420467
2	45	36,08213144
3	0	35,95477959
3	15	35,91449804
3	30	36,20820483
3	45	36,94773335
4	0	38,26446288
4	15	39,60674846
4	30	41,16211939
4	45	43,47274695
5	0	45,38265534
5	15	47,51171391
5	30	50,11464827
5	45	52,94505077
6	0	54,42431563
6	15	55,00310925
6	30	56,93706006
6	45	57,42749276
7	0	57,27951463
7	15	57,04376984
7	30	57,58961915
7	45	58,63044447
8	0	59,15010032
8	15	60,19280203
8	30	60,65514058
8	45	61,69020488
9	0	62,63867466
9	15	63,75493219
9	30	64,16546168
9	45	64,60566701
10	0	65,31481058
10	15	65,57593035
10	30	66,8115499
10	45	67,35949495
11	0	68,10581018
11	15	69,09434155
11	30	69,21916928
11	45	68,75256207
12	0	68,30268679
12	15	67,95332155
12	30	68,43533785
12	45	68,64592338
13	0	68,04621971
13	15	67,78470741
13	30	67,76469059
13	45	68,3563698
14	0	68,50715279
14	15	69,31531709
14	30	69,93041771
14	45	70,16089792
15	0	70,32805859
15	15	70,55686536
15	30	70,99590403
15	45	70,93696737
16	0	70,46301807
16	15	69,43234942
16	30	69,8869655
16	45	69,90348354
17	0	70,52282304
17	15	70,59222444
17	30	70,93992839
17	45	71,73849261
18	0	73,44921902
18	15	74,76815306
18	30	75,72284627
18	45	77,10518675
19	0	79,09950885
19	15	81,59390261
19	30	84,57692074
19	45	86,79073027
20	0	90,45495581
20	15	93,12213636
20	30	95,32894589
20	45	95,78492064
21	0	95,66310498
21	15	98,25626244
21	30	100
21	45	98,84449451
22	0	96,42503955
22	15	92,39462024
22	30	86,76909227
22	45	79,91534093
23	0	72,96955913
23	15	66,78592822
23	30	60,80704709
23	45	55,75642144
X	X.1	P1.1radni.13prijelazno.DF
0	0	37,86159195
0	15	37,01581848
0	30	36,34164227
0	45	35,25535958
1	0	34,96311024
1	15	34,20446938
1	30	33,74327121
1	45	33,60150786
2	0	33,89354626
2	15	34,42516029
2	30	34,15201637
2	45	33,46347106
3	0	33,02595643
3	15	32,4233699
3	30	32,37446767
3	45	31,99857789
4	0	31,8403263
4	15	31,33957157
4	30	31,13719313
4	45	30,93549436
5	0	30,8897347
5	15	33,13145814
5	30	37,03467195
5	45	37,72133446
6	0	37,64934634
6	15	42,49195842
6	30	45,60501777
6	45	49,87017998
7	0	54,14935193
7	15	60,97162553
7	30	65,69162851
7	45	70,23650298
8	0	80,82540086
8	15	92,34508375
8	30	91,32051576
8	45	91,97360412
9	0	93,33978071
9	15	96,88186839
9	30	95,75760336
9	45	94,79376765
10	0	98,77235434
10	15	96,7338492
10	30	95,17239766
10	45	93,95654494
11	0	96,18310826
11	15	100
11	30	92,24752147
11	45	92,19441808
12	0	89,67301558
12	15	89,20406352
12	30	88,93339031
12	45	89,2420068
13	0	90,46163684
13	15	90,90249522
13	30	90,18038358
13	45	90,04072764
14	0	89,90755412
14	15	90,09696775
14	30	88,586645
14	45	87,72850046
15	0	87,30624165
15	15	87,23738634
15	30	86,24640616
15	45	85,55897803
16	0	85,71391713
16	15	82,85675759
16	30	80,28456615
16	45	79,79592077
17	0	79,25162123
17	15	79,25118959
17	30	79,61049737
17	45	79,352996
18	0	78,37292595
18	15	78,11416482
18	30	77,62167179
18	45	77,33115292
19	0	76,66306459
19	15	74,99845508
19	30	74,64712385
19	45	73,02931501
20	0	70,26192089
20	15	61,02790861
20	30	57,56169771
20	45	56,63814316
21	0	55,06075221
21	15	53,69176312
21	30	52,43252379
21	45	50,80842981
22	0	50,03490617
22	15	48,87974668
22	30	47,41122071
22	45	45,32897543
23	0	43,69053969
23	15	42,14405881
23	30	41,03899296
23	45	40,09010644
X	X.1	P2.1radni.13prijelazno.DF
0	0	34,03457449
0	15	33,18775793
0	30	33,15152937
0	45	32,67355534
1	0	32,03244891
1	15	31,58473209
1	30	30,91626628
1	45	30,73117723
2	0	30,6951168
2	15	31,06837786
2	30	30,95768411
2	45	30,52575991
3	0	29,96907973
3	15	29,89937687
3	30	30,0112324
3	45	29,59774173
4	0	29,72366704
4	15	28,708219
4	30	28,23597829
4	45	28,02957299
5	0	29,49350859
5	15	32,39107347
5	30	34,57783473
5	45	36,22410512
6	0	44,68709468
6	15	47,23988375
6	30	51,37741815
6	45	56,46958958
7	0	60,7332042
7	15	65,79853763
7	30	70,19363142
7	45	77,01999995
8	0	83,92173853
8	15	89,59326842
8	30	91,790497
8	45	94,87132042
9	0	97,76041472
9	15	98,63652507
9	30	100
9	45	99,33478338
10	0	99,65845451
10	15	97,86944798
10	30	98,37560502
10	45	97,50228672
11	0	99,05806506
11	15	97,92021103
11	30	96,88467274
11	45	93,84541449
12	0	92,86737378
12	15	93,3468534
12	30	93,21144496
12	45	93,54119511
13	0	92,65645738
13	15	88,82942353
13	30	86,89185687
13	45	87,75031198
14	0	86,88393411
14	15	84,76987177
14	30	82,4190298
14	45	80,53283447
15	0	79,81531899
15	15	77,54144333
15	30	77,34016496
15	45	75,61156707
16	0	76,46270204
16	15	76,81657937
16	30	75,67190959
16	45	75,378422
17	0	78,2938348
17	15	83,18855512
17	30	79,13043905
17	45	76,83145768
18	0	76,14426741
18	15	75,25465778
18	30	74,83037864
18	45	76,23747973
19	0	76,904916
19	15	74,87235563
19	30	74,37339783
19	45	74,84541752
20	0	71,69299839
20	15	65,42820651
20	30	61,4684637
20	45	60,3339231
21	0	58,01714859
21	15	51,61542946
21	30	47,69012625
21	45	48,75131243
22	0	43,52964723
22	15	41,40346085
22	30	39,41593777
22	45	38,20958045
23	0	37,44139826
23	15	36,32090855
23	30	36,90335563
23	45	35,50681255
X	X.1	JR0.1radni.13prijelazno.DF
0	0	98,05418812
0	15	97,95017768
0	30	98,04583463
0	45	98,15707309
1	0	98,09543903
1	15	97,94847926
1	30	98,03984986
1	45	97,86686366
2	0	97,9429104
2	15	97,98488641
2	30	98,04421677
2	45	98,03668367
3	0	97,95402194
3	15	97,89422617
3	30	97,82304323
3	45	97,85066625
4	0	95,11375188
4	15	70,72248379
4	30	42,72626464
4	45	27,79592523
5	0	18,83233939
5	15	11,06718562
5	30	2,86472893
5	45	1,159533119
6	0	1,208633674
6	15	1,436287242
6	30	1,378498259
6	45	1,427991828
7	0	1,275681588
7	15	1,142282633
7	30	0,941947821
7	45	0,799933234
8	0	0,742621921
8	15	0,718719646
8	30	0,761271879
8	45	0,842437619
9	0	0,784861706
9	15	0,681550598
9	30	0,670626368
9	45	0,719532256
10	0	0,703576549
10	15	0,811669666
10	30	0,829224011
10	45	0,801185889
11	0	0,739014046
11	15	0,814511144
11	30	0,868277562
11	45	0,769129702
12	0	0,803755406
12	15	0,815512286
12	30	0,88682119
12	45	1,028734762
13	0	0,903649216
13	15	0,871622883
13	30	0,872833824
13	45	0,817190263
14	0	0,836849543
14	15	0,947534261
14	30	1,004605922
14	45	0,9311974
15	0	1,006995495
15	15	0,983718525
15	30	0,986971011
15	45	0,881335764
16	0	0,846167365
16	15	0,886178299
16	30	0,871895662
16	45	0,860682294
17	0	0,758989454
17	15	0,765042113
17	30	0,77090174
17	45	0,752612079
18	0	0,768010369
18	15	1,040345642
18	30	1,865906159
18	45	4,516608591
19	0	10,63353474
19	15	17,30966435
19	30	25,844385
19	45	35,55568763
20	0	52,94363249
20	15	80,83142522
20	30	93,55343545
20	45	93,93290318
21	0	94,48838468
21	15	97,38456657
21	30	99,69711393
21	45	100
22	0	98,76831061
22	15	99,08386472
22	30	98,75007493
22	45	97,64957527
23	0	97,7443967
23	15	98,09541981
23	30	97,87396817
23	45	98,02171438
X	X.1	K0.2subota.13prijelazno
0	0	49,42917682
0	15	46,29010897
0	30	43,10591161
0	45	39,94008118
1	0	38,22510111
1	15	37,12008848
1	30	35,45080073
1	45	34,83897565
2	0	33,88873708
2	15	33,15603471
2	30	32,13242738
2	45	32,13483517
3	0	31,41081618
3	15	32,15539468
3	30	32,42052285
3	45	32,79217591
4	0	34,12126216
4	15	34,96269465
4	30	36,01848325
4	45	37,3215585
5	0	38,61823962
5	15	40,44406469
5	30	41,76915597
5	45	43,52180967
6	0	45,76718247
6	15	48,21771641
6	30	50,09908655
6	45	53,15223448
7	0	55,51221763
7	15	57,87554776
7	30	59,48080962
7	45	62,12623357
8	0	64,54414427
8	15	64,98704949
8	30	65,30916488
8	45	66,78443964
9	0	68,50740619
9	15	69,2251076
9	30	70,43967155
9	45	72,78323633
10	0	74,01490577
10	15	75,17960807
10	30	75,32894271
10	45	75,45106649
11	0	75,86146989
11	15	75,9155521
11	30	77,68955946
11	45	76,62928214
12	0	75,30039156
12	15	74,09612001
12	30	74,68464057
12	45	75,22993011
13	0	74,32192467
13	15	74,08980818
13	30	75,06125252
13	45	74,18258146
14	0	73,12721814
14	15	73,00835156
14	30	72,41379771
14	45	71,80159396
15	0	70,74079583
15	15	70,12536078
15	30	71,3133394
15	45	72,00967564
16	0	69,81533156
16	15	69,26254067
16	30	70,375023
16	45	72,4563439
17	0	73,26297382
17	15	74,53012547
17	30	76,4213098
17	45	82,10379939
18	0	81,95782496
18	15	84,7296456
18	30	88,39235066
18	45	92,18556534
19	0	95,36498394
19	15	98,74129578
19	30	100
19	45	99,39577237
20	0	97,85190761
20	15	96,99828018
20	30	96,02303424
20	45	94,09822246
21	0	93,23756442
21	15	95,95115827
21	30	98,16822565
21	45	95,02391175
22	0	93,10678662
22	15	87,85815459
22	30	81,81989915
22	45	76,63872112
23	0	71,34482377
23	15	65,77796082
23	30	61,26386924
23	45	55,78042979
X	X.1	P1.2subota.13prijelazno
0	0	42,10934466
0	15	41,19727351
0	30	41,08102679
0	45	40,97295465
1	0	39,95310152
1	15	40,14007054
1	30	38,85992043
1	45	39,34934019
2	0	39,41869371
2	15	39,23342468
2	30	39,68248739
2	45	39,78259012
3	0	39,29370966
3	15	39,28199442
3	30	39,51881109
3	45	39,17365556
4	0	39,28080736
4	15	39,36714021
4	30	38,48405965
4	45	39,87684255
5	0	40,38883401
5	15	42,74693569
5	30	46,14611393
5	45	45,39375341
6	0	45,85097605
6	15	49,84428432
6	30	52,65047269
6	45	54,99101763
7	0	57,85462152
7	15	65,25433297
7	30	69,65585742
7	45	72,68383225
8	0	76,04117621
8	15	87,58630354
8	30	91,49508446
8	45	90,73752727
9	0	93,07323898
9	15	98,24677636
9	30	98,41720277
9	45	97,67920126
10	0	99,99002871
10	15	100
10	30	95,69698087
10	45	98,59048105
11	0	96,99927768
11	15	94,10428563
11	30	92,81841126
11	45	90,21321971
12	0	88,33128964
12	15	85,69394494
12	30	85,4675773
12	45	83,04825565
13	0	79,93368418
13	15	78,50541557
13	30	77,89104399
13	45	76,65663812
14	0	74,41422627
14	15	73,06549643
14	30	71,24308927
14	45	70,75599086
15	0	70,47731646
15	15	70,539574
15	30	69,44603533
15	45	68,85365511
16	0	67,71182221
16	15	67,0034063
16	30	67,52260511
16	45	68,35703386
17	0	67,99340418
17	15	67,98250376
17	30	67,71076998
17	45	67,42859302
18	0	68,98144121
18	15	70,04691255
18	30	69,459559
18	45	71,23503779
19	0	71,41608324
19	15	70,84980658
19	30	70,7472506
19	45	69,13932583
20	0	68,40932304
20	15	58,55086202
20	30	54,3818867
20	45	52,77804776
21	0	52,90626471
21	15	49,91898693
21	30	48,74896946
21	45	47,79527798
22	0	47,24312292
22	15	47,09205289
22	30	45,30119803
22	45	45,07231853
23	0	44,3043797
23	15	42,99320194
23	30	42,10813416
23	45	41,32760958
X	X.1	P2.2subota.13prijelazno
0	0	31,42185523
0	15	31,72219912
0	30	31,45513499
0	45	31,17544953
1	0	29,98931702
1	15	30,29762621
1	30	30,42439868
1	45	29,76684567
2	0	30,14961553
2	15	29,24211414
2	30	29,72939215
2	45	29,04308971
3	0	29,14155656
3	15	28,77452487
3	30	29,44334986
3	45	29,67267315
4	0	29,07892196
4	15	29,39760012
4	30	28,72887519
4	45	28,31950563
5	0	30,35418359
5	15	30,95801645
5	30	31,46931089
5	45	32,44596278
6	0	34,95392499
6	15	38,57831254
6	30	43,96764344
6	45	48,34194799
7	0	51,04012278
7	15	64,13707035
7	30	67,16785037
7	45	69,38551187
8	0	79,60774516
8	15	89,70550193
8	30	97,01326635
8	45	98,6835241
9	0	97,04954752
9	15	100
9	30	99,87556709
9	45	98,1904998
10	0	96,51423408
10	15	95,15550754
10	30	97,04062794
10	45	96,51038612
11	0	91,10569158
11	15	92,34326881
11	30	88,64603159
11	45	92,284554
12	0	81,96804045
12	15	81,27834154
12	30	86,49987297
12	45	84,00772589
13	0	85,17713002
13	15	82,02338444
13	30	81,2509543
13	45	75,36431502
14	0	75,09833602
14	15	70,83331623
14	30	69,60851424
14	45	69,10110111
15	0	71,83740923
15	15	69,72768314
15	30	66,67976941
15	45	68,30416713
16	0	67,0770538
16	15	64,91767357
16	30	66,28409861
16	45	65,43130757
17	0	66,00498009
17	15	65,68809764
17	30	65,39624749
17	45	66,56332744
18	0	69,43497104
18	15	68,73035742
18	30	69,81773577
18	45	71,69144055
19	0	71,17255279
19	15	73,94754834
19	30	74,87062887
19	45	75,15045798
20	0	71,21702243
20	15	62,12550583
20	30	57,14137843
20	45	55,35804181
21	0	51,17034559
21	15	44,10835837
21	30	40,17443285
21	45	38,47223955
22	0	36,97808774
22	15	34,88881486
22	30	34,24578663
22	45	33,74665689
23	0	34,7993856
23	15	35,33041753
23	30	35,71782548
23	45	36,71524611
X	X.1	JRO.2subota.13prijelazno
0	0	96,32460453
0	15	96,7137139
0	30	97,78238077
0	45	96,81681648
1	0	96,43099646
1	15	96,27863593
1	30	96,75566283
1	45	96,82084026
2	0	96,88161974
2	15	96,90167351
2	30	96,6333019
2	45	96,49431122
3	0	96,3246381
3	15	96,55665821
3	30	96,68926178
3	45	96,5600192
4	0	96,31125473
4	15	96,18610307
4	30	94,29366929
4	45	84,73478002
5	0	78,20608001
5	15	67,29239714
5	30	60,10464741
5	45	47,68680746
6	0	34,90117157
6	15	11,06418934
6	30	1,297193752
6	45	1,360424997
7	0	1,501364308
7	15	0,78856453
7	30	0,397670684
7	45	0,606858572
8	0	0,671084605
8	15	0,362365955
8	30	0,329170749
8	45	0,320870207
9	0	0,382091408
9	15	0,432657736
9	30	0,510080876
9	45	0,600803877
10	0	0,651298973
10	15	0,831622872
10	30	0,806149756
10	45	0,886402515
11	0	0,768642166
11	15	1,006415668
11	30	0,923817586
11	45	1,11780651
12	0	0,992199211
12	15	1,203206783
12	30	1,348800718
12	45	1,38069001
13	0	1,5178872
13	15	2,459085323
13	30	2,056769022
13	45	1,773199669
14	0	2,1761939
14	15	2,253770147
14	30	2,751666716
14	45	2,43012472
15	0	1,71264862
15	15	1,809305141
15	30	1,638721156
15	45	1,450693998
16	0	1,527666823
16	15	1,606396287
16	30	1,721348305
16	45	1,342768539
17	0	1,277148985
17	15	2,534999497
17	30	9,88615191
17	45	17,41208279
18	0	24,66255041
18	15	31,49341862
18	30	38,76933233
18	45	52,51571863
19	0	64,75040752
19	15	75,34452159
19	30	82,42866889
19	45	91,12012989
20	0	92,96658728
20	15	92,9688057
20	30	93,25639719
20	45	93,63436862
21	0	93,9985559
21	15	97,51709708
21	30	99,95936272
21	45	100
22	0	98,23970596
22	15	98,44045125
22	30	98,31603443
22	45	96,97608977
23	0	96,4155052
23	15	96,61797439
23	30	96,53714645
23	45	97,41433715
X	X.1	K0.3nedjelja.13prijelazno
0	0	55,12428371
0	15	51,33407663
0	30	47,31689521
0	45	43,85489695
1	0	41,40108166
1	15	40,00210691
1	30	38,99143785
1	45	37,42276761
2	0	36,79946906
2	15	37,02814655
2	30	35,97000889
2	45	35,84334009
3	0	35,72521011
3	15	35,42549879
3	30	35,48480896
3	45	35,20403629
4	0	34,8455663
4	15	35,27880768
4	30	35,9405968
4	45	37,07602815
5	0	37,98090665
5	15	39,64728466
5	30	41,05188791
5	45	43,47671721
6	0	46,39914201
6	15	48,64705646
6	30	52,33631479
6	45	55,59662018
7	0	57,50165939
7	15	59,7210857
7	30	65,42902013
7	45	70,13838286
8	0	73,46964721
8	15	75,39534693
8	30	78,563807
8	45	81,62463611
9	0	82,0361901
9	15	84,80956745
9	30	87,68089338
9	45	90,29702446
10	0	91,07204871
10	15	91,75226055
10	30	94,21497152
10	45	95,48366903
11	0	94,52015788
11	15	94,6833608
11	30	96,06899546
11	45	94,57667001
12	0	92,31195114
12	15	86,44477656
12	30	84,14988574
12	45	83,18987072
13	0	80,0722818
13	15	76,79143942
13	30	74,03162551
13	45	72,94957325
14	0	71,1947999
14	15	71,69171039
14	30	70,39836899
14	45	68,9360352
15	0	66,69530454
15	15	66,17715209
15	30	66,32916975
15	45	65,89371739
16	0	65,10014877
16	15	64,65829992
16	30	65,19865571
16	45	65,10850106
17	0	66,98911972
17	15	70,23205672
17	30	72,325143
17	45	76,09134815
18	0	79,21091908
18	15	81,99021691
18	30	88,04619282
18	45	91,42815364
19	0	95,20753667
19	15	99,65920097
19	30	98,48227141
19	45	99,22140412
20	0	99,25184995
20	15	98,06719945
20	30	97,24596557
20	45	95,17604212
21	0	94,18971437
21	15	97,99627917
21	30	99,73472225
21	45	100
22	0	95,25376689
22	15	89,28578019
22	30	83,50980586
22	45	76,60511982
23	0	69,84882368
23	15	63,75673975
23	30	58,20624997
23	45	53,6926665
X	X.1	P1.3nedjelja.13prijelazno
0	0	60,86704899
0	15	59,4449615
0	30	59,2707545
0	45	58,11075901
1	0	57,41080505
1	15	57,36354447
1	30	56,77038232
1	45	56,90514794
2	0	56,61734889
2	15	56,37281231
2	30	57,16798256
2	45	56,18704706
3	0	55,9028489
3	15	56,06488023
3	30	54,74228348
3	45	55,06827181
4	0	55,37365649
4	15	56,02299508
4	30	54,58051552
4	45	55,47413595
5	0	55,24414972
5	15	57,99145907
5	30	61,37091429
5	45	61,98560405
6	0	61,46534478
6	15	63,17444551
6	30	64,12258443
6	45	66,09246891
7	0	66,15926668
7	15	67,52870521
7	30	68,93992958
7	45	70,83028366
8	0	72,84188923
8	15	73,89628457
8	30	78,27349238
8	45	79,54614301
9	0	83,72640727
9	15	93,53881913
9	30	95,2914932
9	45	98,60726796
10	0	96,4268524
10	15	100
10	30	99,10734239
10	45	99,80945084
11	0	99,60074612
11	15	96,99654833
11	30	96,41074771
11	45	94,42010847
12	0	94,68992466
12	15	94,42511258
12	30	93,9618501
12	45	94,51505707
13	0	94,70296385
13	15	91,72644544
13	30	91,28460264
13	45	91,38639465
14	0	92,0451845
14	15	92,69116399
14	30	91,39521985
14	45	90,50532552
15	0	90,49506687
15	15	89,67212142
15	30	90,23711115
15	45	89,51273678
16	0	88,73954749
16	15	90,96664075
16	30	89,97729886
16	45	91,27395972
17	0	91,84767535
17	15	93,24239349
17	30	94,77694181
17	45	96,6183169
18	0	99,73387104
18	15	99,19068094
18	30	98,68157406
18	45	98,7278459
19	0	98,05024854
19	15	98,4731543
19	30	98,96501664
19	45	97,27253871
20	0	94,22058731
20	15	80,84020467
20	30	79,08264738
20	45	78,31572726
21	0	76,82304682
21	15	75,9516405
21	30	73,48991095
21	45	74,75970763
22	0	73,01452462
22	15	70,77374885
22	30	67,61486315
22	45	67,02055252
23	0	65,31108048
23	15	62,70796209
23	30	61,98019408
23	45	61,60927668
X	X.1	P2.3nedjelja.13prijelazno
0	0	55,94809659
0	15	54,25080951
0	30	52,0716292
0	45	52,27918168
1	0	50,54400682
1	15	53,7537875
1	30	52,00399596
1	45	53,58189519
2	0	52,40161284
2	15	54,77770867
2	30	53,67955554
2	45	56,07497201
3	0	53,39389014
3	15	51,39101348
3	30	49,32987859
3	45	49,36257957
4	0	46,62357965
4	15	46,23376126
4	30	45,96009719
4	45	50,29919204
5	0	49,93134257
5	15	52,49968652
5	30	50,56063165
5	45	52,56106854
6	0	52,91957592
6	15	51,00582955
6	30	52,72831175
6	45	52,62528902
7	0	53,63537629
7	15	56,46266521
7	30	57,2506711
7	45	63,41763383
8	0	65,92569313
8	15	71,0451929
8	30	74,99567279
8	45	75,20093547
9	0	78,7526426
9	15	83,52092504
9	30	85,70327304
9	45	86,43006152
10	0	84,57908714
10	15	89,76458877
10	30	89,57583387
10	45	85,34033603
11	0	79,45024893
11	15	79,59348948
11	30	79,21201093
11	45	78,58470805
12	0	78,07355219
12	15	77,51184149
12	30	77,98191628
12	45	79,06299833
13	0	81,50531548
13	15	81,39209839
13	30	80,70640195
13	45	80,00069352
14	0	81,31258087
14	15	78,61083592
14	30	77,94335546
14	45	78,63637853
15	0	80,17615222
15	15	78,15482547
15	30	78,3008606
15	45	76,11796759
16	0	76,57624589
16	15	76,64880257
16	30	76,05271559
16	45	76,47635061
17	0	76,12144984
17	15	77,38897504
17	30	76,98458021
17	45	82,41203619
18	0	82,25705035
18	15	82,95572843
18	30	87,28635175
18	45	91,53657967
19	0	93,46732031
19	15	100
19	30	96,78903784
19	45	96,84543423
20	0	93,06587368
20	15	78,67672803
20	30	75,51877512
20	45	72,0828163
21	0	68,20051467
21	15	56,03875586
21	30	52,52407326
21	45	49,63253825
22	0	45,49452884
22	15	47,15005084
22	30	47,28556605
22	45	46,19727442
23	0	44,50687869
23	15	44,69493129
23	30	44,31946621
23	45	45,45168836
X	X.1	JRO.3nedjelja.13prijelazno
0	0	97,37333486
0	15	96,93503324
0	30	96,46807493
0	45	96,51770315
1	0	96,75383475
1	15	97,23570645
1	30	97,02811589
1	45	96,57536397
2	0	97,04795752
2	15	96,87238371
2	30	96,46246161
2	45	96,44061873
3	0	96,62376084
3	15	96,42908405
3	30	96,36786311
3	45	96,35138963
4	0	96,60391962
4	15	96,53422046
4	30	94,13515674
4	45	85,54801249
5	0	73,84295055
5	15	65,84613549
5	30	55,68948251
5	45	44,32267636
6	0	27,14309597
6	15	9,101934097
6	30	1,30310676
6	45	0,778546471
7	0	1,214085458
7	15	0,919484994
7	30	0,754859811
7	45	0,416957117
8	0	0,504067268
8	15	0,591353559
8	30	0,568157979
8	45	0,539656308
9	0	0,575156061
9	15	0,780336272
9	30	0,777274535
9	45	0,921903052
10	0	1,121967922
10	15	1,354618942
10	30	1,289940154
10	45	1,178421335
11	0	1,32377876
11	15	1,544495338
11	30	1,440086616
11	45	2,022910413
12	0	2,149478578
12	15	2,438768892
12	30	2,671766104
12	45	2,30193433
13	0	1,697617091
13	15	2,096698518
13	30	1,743650291
13	45	1,668466059
14	0	1,652591213
14	15	1,553258059
14	30	1,163689364
14	45	1,053840621
15	0	0,965135071
15	15	0,915036871
15	30	0,797371851
15	45	0,87074883
16	0	1,272353024
16	15	1,432350698
16	30	1,213083007
16	45	1,505871753
17	0	1,877221002
17	15	2,843632067
17	30	9,515728014
17	45	17,30272115
18	0	26,3251897
18	15	33,40545326
18	30	43,85708657
18	45	49,64407592
19	0	60,44312994
19	15	73,18037955
19	30	81,71503311
19	45	90,43953791
20	0	92,31916845
20	15	92,26682712
20	30	92,12484231
20	45	92,85988078
21	0	93,75128538
21	15	96,75772482
21	30	99,48674549
21	45	99,40090322
22	0	97,8090029
22	15	98,82372764
22	30	100
22	45	97,6608094
23	0	96,9122005
23	15	97,04432273
23	30	96,66873193
23	45	96,4126544
